Index sizes:
IDX_NN_QUANTILE_LG_4_8, 96943302;16376832;13913150;55953950
IDX_NN_QUANTILE_LG_4_16, 96943302;11165044;9574958;30176158
IDX_NN_QUANTILE_LG_4_32, 96943302;6755455;6319150;16180261
IDX_NN_QUANTILE_LG_4_64, 96943302;3831886;4321198;8583628
IDX_NN_QUANTILE_LG_4_128, 96943302;2098530;3210102;4508523
IDX_NN_QUANTILE_LG_8_8, 59468900;16376832;13913150;55953950
IDX_NN_QUANTILE_LG_8_16, 59468900;11165044;9574958;30176158
IDX_NN_QUANTILE_LG_8_32, 59468900;6755455;6319150;16180261
IDX_NN_QUANTILE_LG_8_64, 59468900;3831886;4321198;8583628
IDX_NN_QUANTILE_LG_8_128, 59468900;2098530;3210102;4508523
IDX_NN_QUANTILE_LG_16_8, 40798275;16376832;13913150;55953950
IDX_NN_QUANTILE_LG_16_16, 40798275;11165044;9574958;30176158
IDX_NN_QUANTILE_LG_16_32, 40798275;6755455;6319150;16180261
IDX_NN_QUANTILE_LG_16_64, 40798275;3831886;4321198;8583628
IDX_NN_QUANTILE_LG_16_128, 40798275;2098530;3210102;4508523
IDX_NN_QUANTILE_LG_32_8, 31496387;16376832;13913150;55953950
IDX_NN_QUANTILE_LG_32_16, 31496387;11165044;9574958;30176158
IDX_NN_QUANTILE_LG_32_32, 31496387;6755455;6319150;16180261
IDX_NN_QUANTILE_LG_32_64, 31496387;3831886;4321198;8583628
IDX_NN_QUANTILE_LG_32_128, 31496387;2098530;3210102;4508523
IDX_NN_QUANTILE_LG_64_8, 26861839;16376832;13913150;55953950
IDX_NN_QUANTILE_LG_64_16, 26861839;11165044;9574958;30176158
IDX_NN_QUANTILE_LG_64_32, 26861839;6755455;6319150;16180261
IDX_NN_QUANTILE_LG_64_64, 26861839;3831886;4321198;8583628
IDX_NN_QUANTILE_LG_64_128, 26861839;2098530;3210102;4508523

Time per query (sorted by Avg):
+---------------------------+------------+--------+--------+-------------+
| IDX                       |        Avg | Median |    Max |       Sigma |
+---------------------------+------------+--------+--------+-------------+
| IDX_NN_QUANTILE_LG_4_16   |   391.5621 |    401 |   1122 |   107.97634 |
| IDX_NN_QUANTILE_LG_4_8    |     392.08 |    406 |    979 |   100.72082 |
| IDX_NN_QUANTILE_LG_4_32   |   431.7234 |    398 |   2201 |   216.26316 |
| IDX_NN_QUANTILE_LG_8_8    |   450.6911 |    456 |   1159 |   106.24124 |
| IDX_NN_QUANTILE_LG_8_16   |   487.8408 |    468 |   2155 |   190.06931 |
| IDX_NN_QUANTILE_LG_4_64   |   582.3158 |    401 |   3838 |   530.07558 |
| IDX_NN_QUANTILE_LG_16_8   |   593.2782 |    582 |   2025 |   177.73029 |
| IDX_NN_QUANTILE_LG_8_32   |   601.6236 |    466 |   4005 |   494.80051 |
| IDX_NN_QUANTILE_LG_16_16  |   674.3017 |    585 |   4049 |    428.9583 |
| IDX_NN_QUANTILE_LG_32_8   |   858.4138 |    805 |   4151 |   368.80031 |
| IDX_NN_QUANTILE_LG_16_32  |   952.4611 |    593 |   7296 |  1119.55277 |
| IDX_NN_QUANTILE_LG_8_64   |   964.5519 |    476 |   7269 |   1204.4305 |
| IDX_NN_QUANTILE_LG_32_16  |  1035.4793 |    813 |   8079 |   915.82922 |
| IDX_NN_QUANTILE_LG_4_128  |  1042.0125 |    420 |   7217 |  1258.84996 |
| IDX_NN_QUANTILE_LG_64_8   |  1339.5104 |   1215 |   7466 |   742.80764 |
| IDX_NN_QUANTILE_LG_32_32  |  1617.0704 |    814 |  14481 |  2357.73812 |
| IDX_NN_QUANTILE_LG_64_16  |  1697.3514 |   1217 |  14248 |   1851.6182 |
| IDX_NN_QUANTILE_LG_16_64  |  1761.8255 |    602 |  14502 |  2663.75146 |
| IDX_NN_QUANTILE_LG_8_128  |  1961.2685 |    495 |  14519 |  2736.52312 |
| IDX_NN_QUANTILE_LG_64_32  |  2859.2614 |   1221 |  26719 |  4694.76354 |
| IDX_NN_QUANTILE_LG_32_64  |  3303.1758 |    831 |  28602 |  5510.40343 |
| IDX_NN_QUANTILE_LG_16_128 |  3971.1694 |    636 |  29485 |    5994.156 |
| IDX_NN_QUANTILE_LG_64_64  |  6217.3069 |   1263 |  54849 | 10919.26482 |
| IDX_NN_QUANTILE_LG_32_128 |  7871.1286 |    888 |  55756 |  12348.9383 |
| IDX_NN_QUANTILE_LG_64_128 | 15348.9582 |   1364 | 104302 | 24588.50594 |
+---------------------------+------------+--------+--------+-------------+

