ENWIKISML
Dupsize 34415445
28308236;55925113;7127227;21688385;60543695
28308236;28562983;7127227;21688385;60411063
28308236;24212112;7127227;21688385;60411063
28308236;19640647;7127227;21688385;60411063
ENWIKISMLINT
Dupsize 2892118
24452431;4699705;961379;4044411;4905355
24452431;2186799;961379;4044411;4897651
24452431;1654552;961379;4044411;4897651
24452431;1434203;961379;4044411;4897651
ENWIKIBIG
Dupsize 4368730210
3700080622;12014008089;499315331;2857127003;7619983598
3700080622;4182866741;499315331;2857127003;7602185094
3700080622;3688968200;499315331;2857127003;7602185094
3700080622;2733374746;499315331;2857127003;7602185094
ENWIKIBIGINT
Dupsize 377754066
2615571350;1038823697;76734683;537827555;639947906
2615571350;282736014;76734683;537827555;639019618
2615571350;276788784;76734683;537827555;639019618
2615571350;219160630;76734683;537827555;639019618
REVISIONS
Dupsize 215464448
101711181;403995849;16594835;132994085;367641473
101711181;155488856;16594835;132994085;367983521
101711181;20048344;16594835;132994085;367983521
101711181;15186368;16594835;132994085;367983521
REVISIONSINT
Dupsize 19117308
30266013;35844969;2606915;28283989;32868486
30266013;12976176;2606915;28283989;32894238
30266013;1628576;2606915;28283989;32894238
30266013;1285634;2606915;28283989;32894238
TWITTER
Dupsize 131032205
185153446;376717601;10064715;122813579;220255288
185153446;106397499;10064715;122813579;220109552
185153446;83893680;10064715;122813579;220109552
185153446;65573959;10064715;122813579;220109552
TWITTERINT
Dupsize 2463047
137324252;7081273;1329707;21667088;4100067
137324252;2268782;1329707;21667088;4098283
137324252;2639952;1329707;21667088;4098283
137324252;1850146;1329707;21667088;4098283
